x = 0.5549694
y = 0.3979877
z = 0.0470429
u = 0.3330192
v = 0.3582294
Tc = 1705
DC = 0.002230
DeltaE1 = 0.042629	R1 = 99.803905
DeltaE2 = 0.251240	R2 = 98.844297
DeltaE3 = 0.459081	R3 = 97.888230
DeltaE4 = 0.451049	R4 = 97.925176
DeltaE5 = 0.130715	R5 = 99.398713
DeltaE6 = 0.418963	R6 = 98.072769
DeltaE7 = 0.540185	R7 = 97.515150
DeltaE8 = 0.456232	R8 = 97.901333
DeltaE9 = 0.340350	R9 = 98.434388
DeltaE10 = 0.541833	R10 = 97.507568
DeltaE11 = 0.435770	R11 = 97.995460
DeltaE12 = 1.203200	R12 = 94.465281
DeltaE13 = 0.115332	R13 = 99.469475
DeltaE14 = 0.243162	R14 = 98.881457
CRI(1-8) = 98.418697
CRI(1-14) = 98.150229