x = 0.5585492
y = 0.4004281
z = 0.0410227
u = 0.3340586
v = 0.3592336
Tc = 1695
DC = 0.001242
DeltaE1 = 0.236574	R1 = 98.911759
DeltaE2 = 0.098087	R2 = 99.548801
DeltaE3 = 0.282733	R3 = 98.699429
DeltaE4 = 0.491409	R4 = 97.739517
DeltaE5 = 0.234301	R5 = 98.922217
DeltaE6 = 0.145859	R6 = 99.329050
DeltaE7 = 0.473133	R7 = 97.823588
DeltaE8 = 0.619118	R8 = 97.152059
DeltaE9 = 0.845172	R9 = 96.112210
DeltaE10 = 0.172373	R10 = 99.207084
DeltaE11 = 0.524999	R11 = 97.585005
DeltaE12 = 0.497749	R12 = 97.710354
DeltaE13 = 0.175502	R13 = 99.192692
DeltaE14 = 0.134061	R14 = 99.383321
CRI(1-8) = 98.515803
CRI(1-14) = 98.379792