x = 0.5601515
y = 0.4017418
z = 0.0381067
u = 0.3343890
v = 0.3597366
Tc = 1692
DC = 0.000744
DeltaE1 = 0.365086	R1 = 98.320606
DeltaE2 = 0.108065	R2 = 99.502900
DeltaE3 = 0.192441	R3 = 99.114773
DeltaE4 = 0.569301	R4 = 97.381216
DeltaE5 = 0.392308	R5 = 98.195385
DeltaE6 = 0.131749	R6 = 99.393955
DeltaE7 = 0.438986	R7 = 97.980666
DeltaE8 = 0.720196	R8 = 96.687097
DeltaE9 = 1.123491	R9 = 94.831942
DeltaE10 = 0.212430	R10 = 99.022821
DeltaE11 = 0.649097	R11 = 97.014155
DeltaE12 = 0.129078	R12 = 99.406239
DeltaE13 = 0.312204	R13 = 98.563862
DeltaE14 = 0.082396	R14 = 99.620979
CRI(1-8) = 98.322075
CRI(1-14) = 98.216900